8137, 203
1951, -684
299, 3538
-76, 8007
3592, 751
2080, 4470
-834, 2333
-157, 8571
4094, 3913
7321, 636
6692, 778
1904, 3000
7121, 4911
9282, 6115
3389, 4595
4330, 3208
3569, -914
5928, 8356
908, 7476
3031, 3892
1756, 3751
9748, 6820
837, 6333
8631, 6134
2516, -765
-233, 6015
95, 9068
7190, 6948
756, 8117
6399, 15
-642, 8082
8142, -381
4676, 7716
8256, 7303
2365, 8129
9936, 4776
5953, 8607
354, 7061
2833, 7501
-212, 515
4583, 4720
4935, 6696
3745, 1583
446, 9848
5055, 8363
1634, 5857
1132, 9603
6797, 1084
-606, 935
8819, 5132
7544, 2521
6779, 4667
7268, 5639
7529, -414
4825, 3052
9418, 1245
4993, 6175
6621, 598
4896, 2233
8736, -724
3120, 1637
7124, 3281
5484, 1189
9583, 1055
7436, 8404
4195, 2480
7296, 9899
7150, 4295
9547, 2939
1777, 5951
4294, 1732
3656, -328
3559, 2750
6107, 8175
9697, -95
1576, 2670
4629, 1326
4133, 3702
6016, 8089
-300, 352
4308, 5934
9729, 7387
5919, 7528
7917, 6986
6129, -302
-306, 658
3057, 5088
1516, 5479
6023, 1858
3806, 9618
3018, -650
4941, 4310
2209, 212
5098, 6173
1277, 4989
996, 6646
7343, 7415
836, 1824
71, 1602
9548, 5425
8240, 6603
-852, 8605
4879, 5920
3265, 3265
7253, 2921
7377, 4046
-324, 3855
4203, 4302
6101, 8952
5697, 2104
5928, 9921
783, 2502
4646, 7695
9810, 8169
5751, 5902
5759, 9211
6899, 8703
-452, 4292
8853, 9298
2479, 5316
7741, -522
2910, 6379
8136, 671
2908, 5359
9395, 6829
3109, 8180
2638, 6663
9422, 7175
1196, 7003
5660, -667
8127, 9000
1368, 886
8827, 4258
2987, 740
5390, 7679
1002, 6389
8126, 9023
5210, 9749
460, 6557
1745, 1508
4542, 5677
1275, 2882
6795, 7343
7165, 9745
5659, 9185
9229, 4670
9354, 7782
5066, 3542
9050, 292
6947, 9833
2255, 7286
-8, 526
175, 6313
5669, 2711
6906, 5334
8356, 6208
8234, 1235
646, 6499
1787, 8355
7023, -954
1938, 1012
1057, 9986
7705, 1581
4319, -267
2574, 408
1913, 8531
1503, 3700
61, 4869
2543, 5055
8752, 6597
5037, 9766
-235, 9062
4107, 7809
5010, 7804
690, 4587
821, 6094
6045, 4422
9821, 9648
1889, 7837
618, 1118
4770, 782
2656, 7193
7516, 2720
156, 2156
7297, 9758
1225, 9002
9727, 5086
470, 9367
7925, 1671
696, 4994
1751, 2285
1767, 4512
8772, -803
4302, 2848
7940, 6959
4592, 7458
-217, 6072
2466, 874
9682, 2507
9640, 1474
4059, -237
1726, 8760
4601, 5980
9159, 7902
-260, -287
6156, 1084
2233, 1171
331, 5786
6681, 3759
3366, 2820
8803, 6365
2599, 6269
2053, 4715
949, 2850
6470, 74
472, 5986
7502, 5963
5498, 6477
8489, 223
6707, 4454
9707, 5415
4651, 4381
6550, 7508
5036, 7047
-203, 3997
556, 1622
-102, 4
8829, 743
8901, 7052
8623, 8103
2273, 6472
5975, 1145
2652, 5504
2681, -62
5338, 3859
7548, 2946
2594, 6657
6556, 5029
-148, 5732
9792, 6414
7902, 2808
1733, 161
7675, 7918
3368, 3023
3712, -563
4674, 3422
2947, 9641
8397, 1568
7644, 9907
9813, 6268
2453, 9760
9759, 1153
9914, 546
-692, 7828
9029, -460
9720, 9620
26, 5861
3175, 8873
2902, 1374
3174, -285
5663, 2959
8280, -8
3226, 4950
7904, 8763
2440, 2966
3578, 1896
8507, 6791
9763, 2647
9707, 6030
9346, 9722
9805, 7217
2682, 3485
7698, 7605
2630, 4067
4882, 4521
-892, 1523
6954, 2492
4092, 2762
3075, 2103
2426, 7600
6477, 4466
1360, 6196
3237, 9411
763, 5305
2462, 3788
6547, 9076
3911, 5467
6625, 5767
8299, 1395
-908, 8938
-322, 4029
7107, 4938
1120, 3172
3059, 9095
3039, 5105
2242, 2937
7909, 3291
-42, 1568
3343, 2353
2363, 3167
3677, 3800
3719, 4213
8749, 6441
1775, 6323
2129, 5198
6145, 4723
2589, 475
9372, 7144
7467, 996
5393, 3708
216, 7017
-560, 4039
6235, 6469
3540, 4510
6433, 1891
3574, -626
9496, 1997
8295, 5643
6889, 9351
3232, 6226
-747, 3371
4723, 1638
9541, 8076
2444, 1998
6670, 3593
625, 3802
1496, 6429
9660, 110
999, 9633
3220, 6518
2999, 3735
6515, 6755
7386, -984
7158, -706
5944, 4169
885, 2843
8757, 5802
5801, 7751
9825, 2791
-620, 7622
3956, 9395
9900, 5112
8142, 9672
588, 1791
7621, 739
4674, 7910
3982, 6881
1207, 6920
9699, 4096
-38, 6535
2114, 7535
4147, 9161
3122, 9774
9567, 4545
6434, 5586
895, 7724
7168, 5161
-915, 3294
2000, 4877
-297, 7250
4545, 9803
6881, 6740
9317, 5215
2407, 9136
842, 5340
1807, 9604
2469, 6305
4755, 3689
1950, -266
3243, 6457
9034, 803
-835, 5008
2059, 6522
5316, 3114
147, 4921
1499, 9457
2598, 3658
-476, 2441
5430, 7313
7741, 4808
5669, 1220
1682, 9777
6374, 1345
3997, 6868
8241, 3490
4154, 9620
-744, 6941
-97, 5291
-111, 6837
6222, 6194
6366, 9301
-766, 6761
5659, 6153
6752, 7161
3400, 2065
2238, 2869
7705, 3840
431, 7617
3189, -537
7683, 5111
7003, 2556
3056, 2734
4549, 9106
-507, 8248
1206, 1919
4559, 4691
2996, 2042
1779, 7250
3161, 8094
7510, -556
3378, 3870
2610, 7201
-902, 9734
5769, 448
5103, 9916
5071, 3326
2638, 1263
4882, 3678
7193, 2135
3831, 1227
-11, 8323
8709, 1435
9047, -319
4662, -821
5906, 7562
3415, 7930
2060, 2357
1894, 93
8577, -204
6893, 9229
5969, 270
3653, 6003
558, 2788
3626, 5362
3625, 2701
3993, 3480
6633, 599
9024, 1460
9668, 7253
5395, 3567
3971, 5510
8160, 5150
1199, 3616
905, 7480
1991, 8639
7188, 8447
1390, 6478
9287, 9131
5513, -288
6162, 2949
9868, 8864
2436, 1853
8229, 2966
1373, 6450
8590, 971
9794, 9690
552, 51
5597, 2918
2783, -989
6966, 7566
281, 6649
6396, 8915
4513, 2321
299, 3843
7804, 4741
4400, 5939
3035, 8233
4790, 6287
2937, 4921
3928, 1127
6030, 1448
8233, 807
7643, -507
5000, 3544
-198, 8438
1691, -613
-352, 3417
377, 4528
6336, 2295
1994, 9919
2249, 6146
7618, 8657
7669, -272
667, 4385
7574, 4125
3137, -483
2512, 9465
5897, 2447
2911, 7144
9320, 9708
9537, -179
3128, 7127
-926, 6852
8764, 322
1606, 5843
3154, 6414
7973, 80
-107, 9689
-881, 9184
1929, 6309
7603, -259
5455, 5555
7248, 5623
1733, 8634
2568, 6396
9584, 3221
6522, 3220
9694, 1293
6193, 5045
-148, 4316
9376, 7055
9171, -9
3892, 9302
7325, 8101
1125, 7823
3908, 5352
8521, -261
5420, 4359
2581, 5958
7719, 1258
616, 9375
1278, 4109
4949, -541
5646, 1610
5748, 6105
7570, 6002
4372, 6483
6603, 7460
71, 2936
4789, 5770
8709, 5354
-105, 7159
4675, 5012
970, 3539
142, 3147
-767, -721
8410, 371
2554, 1109
3031, 3781
1602, 2178
-12, -277
4270, 3974
3895, 4228
5323, 5804
425, 8123
8845, 1899
2324, 1614
5583, 5456
2753, 9643
-49, -693
6616, 7699
7642, 8691
8785, 3351
40, 2302
612, 4993
16, 9682
-712, 6674
7189, 2542
3240, 6991
1542, -782
6473, 5140
4257, -188
-8, 3173
30, 3801
548, 484
226, 5573
-854, -471
207, 4845
584, 8060
981, 770
8244, 3899
7411, 1016
932, 3524
3291, 1222
9711, 4054
8575, 2036
7393, 3758
9318, 4166
4216, -314
9734, 443
6413, 5892
3954, 4335
9927, 8222
3308, 6867
6477, 3664
3989, 837
2103, 2783
-54, 2097
1299, 4217
1756, 3355
8819, 1332
9577, 6894
4135, 7465
5305, 4277
5566, 6146
-853, 1701
4024, 5175
7426, -4
7665, 1612
6453, 787
8134, 6184
5194, 3263
9441, 1336
2224, 7039
675, 2304
-492, 7210
409, 1775
6278, 4469
5907, 6677
-146, 7349
7242, 5107
5720, 3904
6591, 5831
5449, 8523
337, 8110
7673, 3808
1736, 3598
1136, -352
274, 5487
3450, 5908
2364, -137
94, 4809
-593, 2193
366, 7695
-962, 377
-467, 9553
3079, 5327
5352, 4629
9709, 6880
7595, 7651
-922, 8161
-285, 3048
9946, 8854
4565, 3492
5816, 4638
6348, 8292
4820, -273
7396, 7363
1888, 7132
2174, 4074
2941, -692
2523, 8927
7809, 8072
5256, 4987
7323, 3822
5910, 2996
8409, 2747
6884, 7320
2807, 7994
7239, 6848
6983, 5527
8404, 490
5786, 3426
-683, 978
6023, 8449
8909, 230
-561, 4880
1488, 4390
952, 850
8522, 8153
1840, 9120
3829, 1853
5949, 7361
4842, -242
-22, 6643
6679, 4002
992, 8167
7196, 9877
8758, 3688
9241, 9392
4519, 700
703, -331
3316, 2102
6250, 1352
5374, 4590
2405, 5389
5544, 4913
5367, -138
4634, 2631
4048, 4417
381, 6602
143, 4597
5610, 626
7073, 8182
2670, -267
-963, 3440
3590, 2397
8585, -987
7096, 6015
1274, 2153
7220, 1052
-821, -906
4789, 7184
8279, 7187
7208, 7418
6815, 4071
8616, 1496
7358, 9626
9166, 9877
3020, -192
7152, 6336
7643, 3003
596, 2641
3060, 4101
7698, 7284
2667, 1841
333, 9474
8607, 9444
8157, 6761
1206, 4545
6646, 9868
5424, 9145
9145, 193
1764, 9189
2751, 1743
9182, 5860
3028, -207
3414, 3606
9596, 203
2637, 5451
5714, 8067
5046, 7971
1596, 8340
5105, 8683
4183, 8674
3186, -323
4662, 2160
578, 4353
8476, 8398
8776, 5996
8927, 7026
7768, 4903
5864, 4402
9178, 7155
9377, 3465
6007, 7555
9555, 365
3310, 2502
-67, 3324
7969, 3173
2666, 6663
6694, 4084
5530, 1666
2336, 971
8108, 2393
4241, 2795
9403, 8511
6969, 7926
3616, 6886
2460, 750
1894, 9440
5628, 4919
2472, 1908
603, 7300
2894, 1137
1887, -911
7311, -903
8575, 7283
-993, 1234
5578, 2402
8799, 5260
457, 6172
9734, 6395
7912, 9002
6856, 8281
7347, 6133
4871, 4245
9999, 5603
8811, 8045
1496, 6851
9280, 1397
706, -700
5425, 6928
5082, 3288
2693, 7195
-219, -915
6102, 9219
6804, 2141
4482, 3494
460, 1066
4202, 8928
5949, 2764
1422, 1368
7020, 607
7158, 5867
7610, 7375
3581, 8001
4456, 8063
-451, -546
7092, 99
8319, 1361
8450, -943
7947, 2847
2305, 491
2496, 8762
3756, 3096
3332, -544
3140, 2737
8993, -458
7796, 7349
3403, 400
4284, 8325
3083, 5523
1336, 8883
-747, 5195
-309, 3345
8340, -217
9669, 434
1496, 9799
1895, 9414
1300, 9047
5292, -209
9770, 8189
7514, 6480
-429, 3186
8543, -833
281, 8015
2673, 2809
-185, 7449
4313, 307
6520, 336
3814, 3381
4958, 9746
1427, 7488
6177, 1954
9142, 5600
8221, 1677
8380, 9411
7201, 1028
8896, 5655
7117, 772
8466, 6149
8206, 3604
3109, 929
-243, 1716
7083, 5314
25, -873
2110, 8566
2934, 3490
6831, 6414
-246, 5078
5579, 700
2273, 7718
1708, 1635
-498, 8794
5919, 5893
6115, 8653
6725, 1287
-371, 7857
8729, 1193
7235, 3855
-28, 4703
6275, 6792
7951, 4656
502, 8434
757, -646
1458, 8342
5192, 1873
-220, 6664
2045, 7352
-858, 1637
4414, 7059
1568, 5780
1086, 2414
-836, 4336
1183, 4350
6613, 8772
5896, 8719
1678, 7622
2532, 7065
2328, 8582
-249, 5013
8414, 6106
7586, 3590
9695, -492
5598, 6023
1285, 6961
4514, 2892
6036, 7122
8243, 8109
9345, 4601
1977, 3110
4539, 2805
7301, 922
1660, 2107
5912, -165
7017, 4131
7751, 6249
5607, 794
5256, 5573
3255, 1557
6013, 5315
8074, 8983
-322, 1081
6363, 1943
4257, 539
6877, 6198
2843, 8771
7626, 994
7641, 1113
1270, 3698
8942, 6535
9888, 2794
-311, 6894
4035, 7944
7483, 5776
6413, 2102
-978, 4911
4807, 1811
2025, 2698
8423, 3230
9707, 6656
9063, 6614
6237, -533
3263, 7552
-15, 559
6847, 6108
-738, -556
775, 7955
6388, -32
3155, 3894
3185, 6500
631, 1051
2159, 2750
-182, -78
5845, 6949
4767, -16
457, 7588
710, 2042
1399, 7838
-822, 2823
5380, 4180
4933, 4045
6290, 2034
348, 9707
8820, 4087
4559, 2953
-67, 1763
543, 9907
-826, 5114
7593, 8473
1949, 9104
-226, 6737
5104, 6468
7349, 4409
6788, 9593
4758, 7482
6610, 3154
7053, 6303
5315, 5374
2782, -190
6917, -415
8567, 2899
1143, 2864
989, -777
4796, 2697
7544, -883
7405, 6364
228, 8999
2326, 7579
2911, 4369
126, 8946
5334, 3050
-989, -593
7564, 6599
3220, 6599
1709, 1676
2850, 7203
2306, 2802
9948, 2652
8416, 4727
7812, 7746
7248, 324
9943, 4887
2733, 1781
9560, 1237
5796, 4103
9984, 4329
8993, 437
7065, 2903
7938, 3276
9965, 9462
9076, 8074
2566, 378
2294, 815
9575, 2275
3166, -325
1988, 839
5678, 5226
1809, 5387
7819, -52
6546, 1808
3060, 4785
1102, 8905
3747, 2205
6956, 2632
2963, 8141
2197, 8531
5147, 665
5162, 8224